Time		H (m)		IAS (km/h)	G_vert 		G_horiz 	RPM 		AoA 		Hydro_m 	Hydro_b 	SAU 		Fors 		Trigger 
1.000000	1998.500000	0.000000	1.000000	0.000000	50.000000	1.500006	210.000000	210.000000	0.000000	0.000000	0.000000	
2.000000	1995.656006	451.824371	0.240021	-0.060144	58.172001	0.415596	210.000000	210.000000	0.000000	0.000000	0.000000	
3.000000	1985.176758	453.073517	-0.117563	-0.017905	64.339996	-3.222219	210.000000	210.000000	0.000000	0.000000	0.000000	
4.000000	1964.315186	457.611542	-0.031781	-0.013529	65.552002	-2.345881	210.000000	210.000000	0.000000	0.000000	0.000000	
5.000000	1934.141846	463.381409	1.725720	-0.059588	65.449997	14.800642	210.000000	210.000000	0.000000	0.000000	0.000000	
6.000000	1909.539673	455.822601	1.743141	-0.061497	65.461998	14.787729	210.000000	210.000000	0.000000	0.000000	0.000000	
7.000000	1890.656738	457.927826	-0.518725	-0.000881	65.419998	-7.156654	210.000000	210.000000	0.000000	0.000000	0.000000	
8.000000	1859.422485	464.219452	0.861488	-0.042659	65.318001	6.970689	210.000000	210.000000	0.000000	0.000000	0.000000	
9.000000	1826.555054	459.327332	2.734880	-0.048981	65.330002	23.310383	210.000000	210.000000	0.000000	0.000000	0.000000	
10.000000	1805.709717	452.661804	1.579296	0.011677	73.610001	13.826502	210.000000	210.000000	0.000000	0.000000	0.000000	
11.000000	1784.160522	456.698792	1.241886	0.115251	82.627998	10.992131	210.000000	210.000000	0.000000	0.000000	0.000000	
12.000000	1757.321533	457.861267	3.356006	0.241598	87.655998	28.549162	210.000000	210.000000	0.000000	0.000000	0.000000	
13.000000	1731.035522	444.327972	3.223691	0.207344	85.447998	28.959843	210.000000	210.000000	0.000000	0.000000	0.000000	
14.000000	1701.137451	436.369476	2.078376	0.041051	76.225998	20.134848	210.000000	210.000000	0.000000	0.000000	0.000000	
15.000000	1668.200439	434.042755	2.586627	0.043890	74.528000	24.775064	210.000000	210.000000	0.000000	0.000000	0.000000	
16.000000	1636.906372	422.737274	3.015133	0.089318	74.942001	29.535852	210.000000	210.000000	0.000000	0.000000	0.000000	
17.000000	1609.546387	410.879456	2.421373	0.041682	73.358002	25.487520	210.000000	210.000000	0.000000	0.000000	0.000000	
18.000000	1583.412354	405.683197	1.934798	0.021100	72.571999	21.047171	210.000000	210.000000	0.000000	0.000000	0.000000	
19.000000	1558.681274	406.532227	0.776331	0.034376	72.302002	7.469353	210.000000	210.000000	0.000000	0.000000	0.000000	
20.000000	1530.204590	416.040863	0.157301	0.051197	72.199997	0.037153	210.000000	210.000000	0.000000	0.000000	0.000000	
21.000000	1492.621826	427.956055	0.862494	0.025800	72.211998	8.663177	210.000000	210.000000	0.000000	0.000000	0.000000	
22.000000	1453.201904	425.781281	3.233115	0.097580	72.169998	31.248070	210.000000	210.000000	0.000000	0.000000	0.000000	
23.000000	1429.099976	409.134918	2.778429	0.058796	72.068001	29.026136	210.000000	210.000000	0.000000	0.000000	0.000000	
24.000000	1419.571655	396.578552	1.944224	0.060123	76.183998	22.153692	210.000000	210.000000	0.000000	0.000000	0.000000	
25.000000	1417.942627	390.356750	1.457112	0.081850	78.307999	17.313904	210.000000	210.000000	0.000000	0.000000	0.000000	
26.000000	1419.396729	386.127319	1.454418	0.092880	79.117996	17.729797	210.000000	210.000000	0.000000	0.000000	0.000000	
27.000000	1423.019043	380.644287	1.663122	0.176858	85.171997	20.627623	210.000000	210.000000	0.000000	1.000000	0.000000	
28.000000	1431.627075	376.422791	1.624447	0.329461	94.136002	20.353041	210.000000	210.000000	0.000000	1.000000	0.000000	
29.000000	1445.682861	378.540619	1.128205	0.457297	98.024002	13.881348	210.000000	210.000000	0.000000	1.000000	0.000000	
30.000000	1461.413818	387.956787	0.241264	0.524885	99.290001	1.369438	210.000000	210.000000	0.000000	1.000000	0.000000	
31.000000	1471.172729	402.781067	0.374483	0.532690	99.704002	3.209913	210.000000	210.000000	0.000000	1.000000	0.000000	
32.000000	1476.282593	414.095245	1.763573	0.508669	99.944000	18.365896	210.000000	210.000000	0.000000	1.000000	0.000000	
33.000000	1487.796265	418.058350	1.541980	0.507713	99.956001	15.724984	210.000000	210.000000	0.000000	1.000000	0.000000	
34.000000	1504.967163	424.915894	0.853566	0.331914	94.099998	8.133878	210.000000	210.000000	0.000000	0.000000	0.000000	
35.000000	1522.301270	426.110107	1.260035	0.147601	84.080002	12.454020	210.000000	210.000000	0.000000	0.000000	0.000000	
36.000000	1542.145142	418.351898	1.414224	0.149226	84.320000	14.050316	210.000000	210.000000	0.000000	1.000000	0.000000	
37.000000	1564.120361	418.057617	-0.070854	0.332901	93.283997	-2.399400	210.000000	210.000000	0.000000	1.000000	0.000000	
38.000000	1578.837280	427.312347	1.097836	0.453323	98.084000	10.371828	210.000000	210.000000	0.000000	1.000000	0.000000	
39.000000	1593.367798	434.152954	0.963614	0.496031	99.349998	8.320382	210.000000	210.000000	0.000000	1.000000	0.000000	
40.000000	1607.273804	447.144531	-0.332951	0.546701	99.764000	-5.318882	210.000000	210.000000	0.000000	1.000000	0.000000	
41.000000	1610.325562	463.750061	0.516225	0.525191	99.889999	3.282385	210.000000	210.000000	0.000000	1.000000	0.000000	
42.000000	1608.718140	477.229736	1.124331	0.510720	100.015999	8.048011	210.000000	210.000000	0.000000	1.000000	0.000000	
43.000000	1606.568726	494.307434	-0.209874	0.546937	99.973999	-3.801477	210.000000	210.000000	0.000000	1.000000	0.000000	
44.000000	1593.543091	514.711548	0.075170	0.535641	99.986000	-0.804851	210.000000	210.000000	0.000000	1.000000	0.000000	
45.000000	1574.375366	530.350037	3.385909	0.518132	99.998001	22.671436	210.000000	210.000000	0.000000	1.000000	0.000000	
46.000000	1574.828369	501.538727	3.413509	0.570675	99.956001	27.965820	210.000000	210.000000	0.000000	1.000000	0.000000	
47.000000	1602.145142	449.733978	4.401459	-0.758198	99.968002	34.349869	210.000000	210.000000	0.000000	1.000000	0.000000	
48.000000	1649.068115	390.293091	2.710157	0.558844	99.980003	30.376083	210.000000	210.000000	0.000000	1.000000	0.000000	
49.000000	1706.761963	377.087708	1.404835	0.507367	100.052002	17.940277	210.000000	210.000000	0.000000	1.000000	0.000000	
50.000000	1768.227051	371.583008	0.179129	0.535871	99.949997	0.615339	210.000000	210.000000	0.000000	1.000000	0.000000	
51.000000	1824.782959	371.298431	-0.247331	0.545182	99.961998	-5.514844	210.000000	210.000000	0.000000	1.000000	0.000000	
52.000000	1872.009766	373.753662	0.373429	0.526372	100.033997	3.500729	210.000000	210.000000	0.000000	1.000000	0.000000	
53.000000	1914.173706	377.353760	0.377967	0.524082	100.045998	3.331618	210.000000	210.000000	0.000000	1.000000	0.000000	
54.000000	1951.058716	383.284271	-0.063301	0.533733	99.944000	-2.908023	210.000000	210.000000	0.000000	1.000000	0.000000	
55.000000	1979.150269	391.924133	-0.143874	0.535427	100.015999	-3.626092	210.000000	210.000000	0.000000	1.000000	0.000000	
56.000000	1998.359131	402.737549	1.080432	0.497906	100.028000	11.764159	210.000000	210.000000	0.000000	1.000000	0.000000	
57.000000	2018.127808	405.532959	1.817771	0.487792	100.040001	19.567505	210.000000	210.000000	0.000000	1.000000	0.000000	
58.000000	2045.032593	406.728546	1.061217	0.494902	99.998001	10.960643	210.000000	210.000000	0.000000	1.000000	0.000000	
59.000000	2073.491211	414.397522	0.152010	0.520950	100.010002	0.231311	210.000000	210.000000	0.000000	1.000000	0.000000	
60.000000	2096.161865	424.659546	0.623637	0.505859	100.022003	5.257945	210.000000	210.000000	0.000000	1.000000	0.000000	
Time		H (m)		IAS (km/h)	G_vert 		G_horiz 	RPM 		AoA 		Hydro_m 	Hydro_b 	SAU 		Fors 		Trigger 
61.000000	2115.376221	434.500580	0.782565	0.498698	99.980003	6.688728	210.000000	210.000000	0.000000	1.000000	0.000000	
62.000000	2133.614014	442.892151	1.344336	0.483681	99.991997	11.777864	210.000000	210.000000	0.000000	1.000000	0.000000	
63.000000	2154.231934	450.048737	0.695821	0.499522	100.003998	5.089092	210.000000	210.000000	0.000000	1.000000	0.000000	
64.000000	2172.535645	461.463745	0.027910	0.516252	99.961998	-1.599423	210.000000	210.000000	0.000000	1.000000	0.000000	
65.000000	2182.961670	475.189392	0.635520	0.497879	99.973999	4.002317	210.000000	210.000000	0.000000	1.000000	0.000000	
66.000000	2189.799316	487.877716	1.072931	0.485017	99.986000	7.450255	210.000000	210.000000	0.000000	1.000000	0.000000	
67.000000	2197.668457	497.692871	2.549075	0.472870	99.944000	19.099930	210.000000	210.000000	0.000000	1.000000	0.000000	
68.000000	2220.011230	485.143494	3.771377	0.549447	99.956001	28.787285	210.000000	210.000000	0.000000	1.000000	0.000000	
69.000000	2263.029053	454.293213	4.712554	-0.862817	99.968002	34.778469	210.000000	210.000000	0.000000	1.000000	0.000000	
70.000000	2310.199463	386.633057	3.050007	-0.297729	100.040001	40.995106	210.000000	210.000000	0.000000	1.000000	0.000000	
71.000000	2354.664063	352.009003	1.640011	0.486432	100.052002	23.198135	210.000000	210.000000	0.000000	1.000000	0.000000	
72.000000	2399.791260	345.405548	1.596801	0.483562	99.949997	22.981581	210.000000	210.000000	0.000000	1.000000	0.000000	
73.000000	2448.862305	337.440369	1.016317	0.480927	100.022003	15.705461	210.000000	210.000000	0.000000	1.000000	0.000000	
74.000000	2499.021729	333.751770	0.824391	0.482965	100.033997	13.366091	210.000000	210.000000	0.000000	1.000000	0.000000	
75.000000	2547.026611	327.621857	1.738028	0.499738	100.045998	28.031113	210.000000	210.000000	0.000000	1.000000	0.000000	
76.000000	2592.236328	297.898438	1.890564	0.000633	100.003998	39.136364	210.000000	210.000000	0.000000	1.000000	0.000000	
77.000000	2632.686523	266.696198	1.618688	0.061583	100.015999	36.460030	210.000000	210.000000	0.000000	1.000000	0.000000	
78.000000	2667.398682	251.286636	1.080597	0.500155	100.028000	28.456129	210.000000	210.000000	0.000000	1.000000	0.000000	
79.000000	2697.609131	246.568390	0.976318	0.495118	99.986000	26.791094	210.000000	210.000000	0.000000	1.000000	0.000000	
80.000000	2723.364014	246.171341	0.436175	0.495433	99.998001	12.965410	210.000000	210.000000	0.000000	1.000000	0.000000	
81.000000	2740.964600	253.744324	0.068672	0.506759	100.010002	1.291589	210.000000	210.000000	0.000000	1.000000	0.000000	
82.000000	2747.840820	263.451477	0.899841	0.486497	99.968002	22.616991	210.000000	210.000000	0.000000	1.000000	0.000000	
83.000000	2738.071045	267.847412	1.521424	0.099705	99.980003	38.753254	210.000000	210.000000	0.000000	1.000000	0.000000	
84.000000	2712.331543	263.609222	1.416782	0.164507	99.991997	43.301437	210.000000	210.000000	0.000000	1.000000	0.000000	
85.000000	2673.133057	265.010742	1.452500	0.129910	99.949997	41.386158	210.000000	210.000000	0.000000	1.000000	0.000000	
86.000000	2622.827881	272.777527	1.362860	0.507849	99.961998	30.133345	210.000000	210.000000	0.000000	1.000000	0.000000	
87.000000	2562.943604	300.759094	1.251026	0.488608	99.973999	24.089260	210.000000	210.000000	0.000000	1.000000	0.000000	
88.000000	2494.711182	327.699890	1.953878	0.520923	100.045998	30.452374	210.000000	210.000000	0.000000	1.000000	0.000000	
89.000000	2420.717529	350.933746	1.573171	0.481289	99.944000	21.551781	210.000000	210.000000	0.000000	1.000000	0.000000	
